000000001000000020000003000000040500006000300007810000010020004030000070950000000
000000001000000020000003000000040500006000300007180000010020004030000070950000000
000000000000000012000034000000005306007000000021080000050100800400000000600700000
000000000000001002034000050000000360000070000100008000000002001056300000070000008
000000001000000023004005000000002000010000400360070000000610000005000800007030000
000000001000000023004005000000004607010060000020000000000103000006000800900000500
000000001000000023004005000000010000000304600072000800000800000060009500300000000
000000001000002030004050000000000006070008400290007000000060090000140000700000000
000000001000000023004005000000006500020070000830000000000201000000830000009000700
000000000000000012003045000000006507010000000080003000000210000007000000500080300
000000001000000023004005000000004600020070000830000000000201000000830000009000700
000000001000000023004005000000006400020000000710000000000010060000230000008700900
000000000000000012003045000000003500010060000070000000000700000600000408900210000
000000000000000012003004000000005306040000007810000000000020000000060709400100000
000000001000000020000034000000005400000100000003006700000070305060000000120080000
000000001000002000003000045000000600000040270018900000000380000200050000700000000
000000001000002000003000045000000600000050270081300000000830000200040000700000000
000000001000002000003000045000000600000050270081300000000930000200040000700000000
000000001000002000003000045000000600000050270018900000000380000200040000700000000
000000000000000012003004000000010000000052400067000300000308000210000070500000000
000000000000001002034000050000020030100006000700000000000300001000540000200000089
000000000000001002034000050000020030100000000600007000000300001000540000200000089
000000000000001002034000050000030001000450000600000078000600030100000000200009000
000000000000001002034000050000030001000450000600000078000600030100009000200000000
000000001000000020003004000000003405021006000700000000000070800000820000005000300
000000000000001002034000050000020000000060300005000470000400700200500000600000008
000000001000000020003004000000005400060000700810000000000060000002109000007000850
000000001000000002003004000000000050000120060007080000020000700180000000600005400
000000001000001023004050000000000600000040000120000000000200006007008000805000400
000000000000000012000034000000003500006000400070100000000270080009000000403000006
000000001000002000003000045000000260000030000040100000000050704206008000300000000
000000001000002000003000045000000260000030000040500000000010704206008000300000000
000000001000002000003000045000000260000030000070500000000010807206009000300000000
000000000000000012003045000000000004000000006010200500000702030400000080600100000
000000001000002000003000045000000260000780000010000000000050307090000000620100000
000000001000002000003000045000000260000780000010000000000050308090000000620100000
000000000000000012003045000000006700080000000120000000000400300007000600400280000
000000000000000012003045000000000400000600000030100007000280009405000030700000000
000000000000000012003045000000000400000300000060100070000610080405000009700000000
000000000000000012003045000000000400000600000070100008000230009405000070800000000
000000001000000230000045000000006017008000000023090000000300000140000005500000000
000000001000000230000045000000004016007000000023080000000300000190000005500000000
000000000000000012003045000000000400000600000070100008000260009405000070800000000
000000000000000012003045000000000400000300000060100007000280009405000060700000000
000000000000000012003045000000000400000100000060200070000610080405000009700000000
000000000000000012003045000000000400000600000060100007000230008405000090700000000
000000001000000020003004000000003500010060000720000080000108000000720000900000600
000000000000001002034000050000030000600070000800500001070000430090000000100002000
000000001000000020003004000000003506007000300010000000000070000006000405800210000
000000001000002000003000045000000260000150000070000000000500803080000000620090000
000000000000000012003045000000006400070000000120000000000800300004000600900170000
000000001000000023000045000000106000005300000007000800020000000060000500310080000
000000000000000012003045000000000400000600000060100070000260080405000009700000000
000000001000002000013000040000005300040010000600000070000600000205000800300400000
000000000000000001002034000000005030000601000007000080060090005150000000800070000
000000000000000001002034000000005030000601000007000020060080005150000000900070000
000000000000000012003045000000000306000007000080201000000060900100008000700000020
000000001000002000003000040000000500006340000078000200000400080050000000120900000
000000001000000023004005000000010000000306700028000500000900000060007800300000000
000000000000001023004050600000060007080000000120000000000200000003008000409000500
000000001000000023004005000000006700030000000800020900000130000009800400600000000
000000000000000012003004000000005300010020060470000000000070000008000405200010000
000000000000000012003004000000005400010000000672000000000010000008270600400000300
000000000000000012003004000000005306070000000120008000000270000007000500060000400
000000001000000023004005000000010000000306700028000500000900000060004800300000000
000000001000000023004005000000006400000020070030000000000310000000500700406000800
000000001000000023000045000000002500001600000007000000000800007040000900950200000
000000001000000020003045000000003500010000000620000000000050000000207006004008300
000000000000000012000034000000000300001200005006107000000800060090000000340090000
000000001000000023004005000000006700000040500130000000000230000078000000090000800
000000001000000023004005000000006700000040500130000000000230000080000900097000000
000000001000000023004056000000001000000203000047000800000070400006000090300000000
000000000000000012003004000000005600010002000076000080000010000004070900060000300
000000000000000012003004000000005600010002000078000090000010000004070300090000800
000000000000000012003004000000005600010002000076000080000010000004070300060000900
000000000000000012003004000000005600010002000076000080000010000009070300060000900
000000000000000012003004000000005600010002000076000080000010000009070400060000900
000000000000001002003000040000000005000062001078300000000400030150000000200000700
000000000000000012000034500000005306002000000071800000000100070300000900400000000
000000000000000012000034500000006307002000000081900000000100080300000600400000000
000000001000000023000045000000006700012000000830000000000300009500000000600200400
000000001000000023000045000000000060002100000007000450000307000050000000460000800
000000000000000012003045000000006400010070000280000000000100000000800070506000300
000000001000000023000045000000004600002000000073000000000200080091030000400000500
000000001000000020003045000000000300010607000080000450000000700000200008405000000
000000001000000023004005000000000400000023000016000000000610000007030000405000800
000000000000000012003045000000000304006000000070200000000108070094000000200600000
000000001000002003004050000000000460010003000200000000000640700080070000530000000
000000000000000012003045000000000304006000000070200000000103070048000000200600000
000000000000000012003045000000000604007000000080200000000106080049000000200700000
000000000000000001002034050000005340010600000070000000000160008000700000004000200
000000001000002003004050000000000460020001000700000000000460800130000000200080000
000000000000001002034000050000030060000050000700000008000700000060000340100208000
000000001000002003004005000000004060030000000500020700000030000008000500020910000
000000000000000012003004000000003500060000400170000000000075060008000300020100000
000000000000001002034000050000000060003000540100072000000400070000500000200000008
000000000000001002034000050000000060003000540100072000000400080000500000200000009
000000000000000012003004000000003400050000600170000000000078050009000800020100000
000000000000001002034000050000030060000050000700000008000700000060000340100802000
000000000000001002034000050000030040000050000600000007000600000080000390100702000